Columns 1,2,3 Top Ten Common Number Triples:
     49 69141 33648 19801
     17 95653 44462 34716
     16 11305 24098 36744
     14 4510 98451 59261
      8 81541 71480 47220
      8 62411 93585 24356
      8 52347 81888 14487
      7 90368 67422 60704
      7 80039 81393 23191
      7 73739 29160 85704

Columns 2,3,4 Top Ten Common Number Triples:
     49 33648 19801 74192
     17 44462 34716 71897
     16 24098 36744 9244
     14 98451 59261 24960
      8 93585 24356 61200
      8 81888 14487 55267
      8 71480 47220 55012
      7 81393 23191 35260
      7 67422 60704 6561
      7 62395 77154 51687

Columns 3,4,5 Top Ten Common Number Triples:
     49 19801 74192 59382
     17 34716 71897 25123
     16 36744 9244 95059
     14 59261 24960 38075
      8 47220 55012 56750
      8 24356 61200 26712
      8 14487 55267 13673
      7 85704 61326 10475
      7 77154 51687 6939
      7 60704 6561 16643

Columns 1,3,4 Top Ten Common Number Triples:
     49 69141 19801 74192
     17 95653 34716 71897
     16 11305 36744 9244
     14 4510 59261 24960
      8 81541 47220 55012
      8 62411 24356 61200
      8 52347 14487 55267
      7 90368 60704 6561
      7 80039 23191 35260
      7 73739 85704 61326

Columns 1,4,5 Top Ten Common Number Triples:
     49 69141 74192 59382
     17 95653 71897 25123
     16 11305 9244 95059
     14 4510 24960 38075
      8 81541 55012 56750
      8 62411 61200 26712
      8 52347 55267 13673
      7 90368 6561 16643
      7 80039 35260 36513
      7 73739 61326 10475

Columns 1,3,5 Top Ten Common Number Triples:
     49 69141 19801 59382
     17 95653 34716 25123
     16 11305 36744 95059
     14 4510 59261 38075
      8 81541 47220 56750
      8 62411 24356 26712
      8 52347 14487 13673
      7 90368 60704 16643
      7 80039 23191 36513
      7 73739 85704 10475

Columns 2,4,5 Top Ten Common Number Triples:
     49 33648 74192 59382
     17 44462 71897 25123
     16 24098 9244 95059
     14 98451 24960 38075
      8 93585 61200 26712
      8 81888 55267 13673
      8 71480 55012 56750
      7 81393 35260 36513
      7 67422 6561 16643
      7 62395 51687 6939
