30989   
94950   
64833   
39522   
45613   
70705   
45613   
87112   
9667    
79702   
59540   
30277   
701     
23946   
80115   
23896   
45232   
73230   
14163   
56946   
74002   
88048   
81797   
23896   
60542   
49115   
72079   
49115   
6575    
48862   
79202   
61743   
59540   
14165   
36563   
22533   
77423   
7175    
3923    
25992   
35682   
29869   
90815   
88048   
88599   
67490   
26730   
27499   
7383    
86977   
61743   
35516   
86225   
42701   
61743   
28522   
45613   
86504   
70931   
49679   
95677   
68464   
15245   
80980   
1134    
41994   
88389   
39833   
15188   
82750   
22533   
82750   
31216   
96875   
56046   
32003   
58332   
47101   
45263   
57684   
32003   
25029   
92351   
79702   
49115   
35087   
66473   
5074    
14897   
86504   
48968   
19599   
87466   
18751   
61743   
28522   
72011   
40410   
65953   
64782   
64338   
67490   
48902   
2697    
73531   
59408   
12841   
22533   
61743   
1752    
3825    
37905   
61743   
49662   
9850    
67490   
7383    
71026   
2587    
4445    
17686   
55259   
86832   
31531   
33750   
50594   
49435   
4328    
58351   
39326   
93423   
39241   
28987   
31531   
39601   
13911   
2788    
76428   
20665   
13476   
20568   
39371   
18100   
86977   
64468   
75567   
28761   
75622   
47101   
81891   
57905   
81058   
44643   
91013   
32403   
90198   
59501   
69863   
26730   
81977   
59540   
46224   
3923    
23896   
13305   
59540   
32480   
10223   
86927   
58332   
3490    
86225   
73575   
34743   
22533   
83383   
48968   
78201   
49210   
12241   
13507   
48968   
8281    
71432   
59540   
71259   
36174   
14165   
18078   
1715    
56642   
27189   
20145   
39326   
54984   
57256   
64952   
72755   
88599   
49115   
65244   
32403   
60915   
79250   
39371   
25477   
64713   
14791   
82123   
84476   
49210   
43350   
61152   
80606   
25233   
99626   
72755   
46156   
49837   
36777   
66237   
81785   
99320   
59540   
8081    
72804   
6381    
76384   
65819   
30356   
69284   
1134    
75590   
43442   
7787    
69863   
17427   
53607   
31309   
93627   
56642   
89329   
71464   
45263   
28311   
68921   
63591   
40281   
97667   
40819   
23696   
30504   
3094    
56946   
25516   
69371   
88062   
53286   
39418   
59172   
52445   
6557    
96775   
87159   
56946   
21633   
9002    
39079   
73778   
10371   
56642   
36682   
6049    
70705   
11023   
38034   
20626   
63102   
25161   
39304   
82309   
73778   
45219   
54596   
77040   
34895   
74700   
70736   
60673   
67018   
77040   
34578   
95228   
99335   
96875   
11718   
79702   
61743   
61743   
49386   
3630    
93373   
40281   
59319   
73230   
42765   
29869   
29397   
75398   
14163   
66115   
64488   
40265   
68164   
79702   
6557    
59540   
33528   
85647   
23728   
40819   
38688   
9624    
87095   
74451   
98049   
69782   
80504   
42376   
72633   
45411   
78833   
57261   
68494   
38688   
79047   
54876   
33790   
79702   
61743   
9002    
45613   
88599   
86567   
1094    
68530   
86567   
3076    
75966   
45463   
13305   
6971    
13507   
47579   
36821   
79702   
2697    
65861   
11938   
33111   
16254   
49115   
45263   
33631   
67057   
75398   
2697    
97018   
81651   
40281   
45463   
95677   
98593   
82750   
60774   
55599   
46179   
9002    
42482   
96875   
72755   
46179   
97667   
53937   
6575    
5822    
39724   
62222   
86504   
19762   
23036   
51715   
59540   
89155   
29896   
80044   
32403   
33888   
97018   
57741   
81053   
17279   
96816   
47541   
68464   
20626   
2822    
41468   
41546   
79702   
57905   
49662   
45492   
85873   
96254   
90920   
19990   
79702   
1654    
16198   
81317   
61743   
61958   
80980   
72309   
79187   
60465   
84975   
31309   
11480   
99320   
47101   
63847   
9398    
32403   
48968   
14340   
10216   
40281   
59540   
54187   
436     
79702   
23184   
84759   
66237   
84476   
44931   
56589   
56642   
61743   
96254   
25477   
14163   
35235   
65819   
7383    
86225   
99320   
75089   
3603    
2869    
63102   
94866   
92599   
81078   
15197   
97794   
14163   
71552   
99335   
31216   
28800   
41305   
96875   
53572   
67775   
79702   
43947   
23728   
67057   
22533   
46619   
78652   
33888   
48902   
83258   
17620   
73230   
77871   
20773   
79853   
47101   
61743   
48862   
84700   
83258   
14791   
28950   
45613   
73280   
37905   
35235   
99186   
80090   
7383    
38688   
38673   
79702   
88474   
63843   
59540   
25329   
3630    
2124    
25910   
55857   
1654    
44899   
16826   
63293   
99335   
7613    
61743   
56806   
69863   
84476   
88062   
79702   
82947   
7267    
53127   
3000    
81303   
33888   
78729   
18100   
45463   
80980   
83656   
33888   
71475   
56642   
50763   
59540   
18382   
68770   
70972   
59540   
81419   
49115   
59540   
18487   
36821   
55946   
28081   
44197   
44641   
82947   
61743   
45232   
77620   
38688   
91556   
85007   
39371   
52059   
49115   
41486   
7020    
1955    
52982   
38951   
69722   
9172    
61743   
81101   
1127    
55867   
94110   
62890   
13929   
14995   
71432   
49501   
27597   
23246   
79702   
70972   
45377   
64782   
73099   
22492   
65120   
67098   
66115   
94229   
59540   
87008   
37440   
53572   
56956   
88254   
61152   
79702   
25161   
5074    
80504   
97280   
91014   
3370    
36438   
36815   
60090   
72011   
93857   
9624    
43551   
76384   
68526   
12863   
94862   
14163   
50779   
79702   
31309   
94052   
14041   
80271   
99335   
87313   
54346   
55128   
14471   
71432   
6246    
26892   
25516   
99186   
9002    
63525   
94290   
34765   
78879   
71223   
28497   
79702   
27217   
67490   
86504   
53127   
48862   
13305   
34805   
55756   
42701   
58351   
61743   
49115   
79702   
120     
91014   
5074    
73101   
31309   
24997   
79702   
1520    
42482   
60640   
10774   
24553   
86504   
71082   
93442   
92390   
44898   
11871   
19018   
25233   
892     
6600    
25161   
1654    
20067   
71432   
9589    
69184   
22533   
97667   
1131    
75398   
54952   
29896   
61743   
87899   
68811   
75398   
85543   
3630    
39682   
3630    
3401    
33888   
77135   
53013   
18630   
62247   
20568   
57905   
55481   
99369   
52146   
32403   
19532   
73978   
25516   
59540   
46179   
33888   
29496   
75398   
68166   
53607   
3863    
45613   
23696   
43190   
48862   
79702   
2080    
77089   
90797   
90910   
17721   
56642   
46639   
70972   
7383    
6049    
23123   
81745   
61743   
30895   
59540   
20626   
72438   
78258   
50594   
51896   
87466   
49662   
36174   
33446   
34968   
97794   
13929   
39371   
48306   
40271   
61743   
72755   
67490   
54367   
61743   
86225   
36174   
3923    
86504   
61743   
64782   
21633   
92599   
39682   
13507   
36821   
79575   
79702   
30377   
82309   
75323   
38341   
2869    
59540   
62828   
89329   
6964    
9785    
70404   
79702   
66547   
62148   
56675   
74394   
69238   
14163   
36053   
81161   
62222   
3923    
49115   
70917   
22533   
14163   
96011   
13618   
59540   
61743   
51408   
32003   
37553   
88254   
66068   
6049    
32403   
36455   
99031   
96816   
72011   
88048   
61743   
85543   
11999   
14163   
29929   
45613   
61410   
36815   
59540   
51896   
3076    
61091   
35235   
72755   
61743   
84385   
56436   
72214   
86373   
26892   
4047    
33888   
9589    
60542   
80980   
86504   
42701   
49322   
67103   
93007   
20471   
3875    
61743   
45377   
15091   
66237   
60049   
22393   
14889   
84476   
45411   
95677   
77614   
66237   
48753   
86225   
19156   
60302   
27010   
15958   
96470   
31309   
10751   
58730   
15197   
80500   
80606   
71402   
36174   
48983   
75562   
49813   
28787   
96192   
8723    
35981   
19625   
87516   
49115   
35490   
30323   
91730   
3211    
88790   
61743   
82750   
42701   
29397   
74412   
1654    
21165   
42348   
23696   
4208    
42701   
1520    
87808   
81161   
36815   
45613   
70972   
33888   
56946   
18427   
85146   
18751   
1654    
20471   
46639   
64488   
71809   
65861   
89329   
12841   
40867   
85975   
71753   
43448   
68170   
34578   
9726    
94068   
57905   
3999    
23896   
45463   
79706   
9368    
91014   
59540   
22533   
61958   
87466   
63847   
22393   
15554   
8525    
58664   
18487   
61743   
56946   
18214   
82132   
49662   
59540   
51289   
88790   
82309   
85543   
76005   
73778   
44643   
88062   
61743   
5332    
48061   
86190   
81303   
76396   
38951   
37321   
35615   
13676   
48753   
88599   
75398   
34002   
93973   
42701   
34578   
9850    
87893   
75988   
40281   
97648   
86504   
43371   
32046   
32403   
48857   
61743   
45613   
35235   
9616    
6557    
60915   
84476   
28380   
4767    
35020   