70972   68100   
313     35829   
32731   44910   
7717    74862   
65656   30119   
88528   54215   
34552   17458   
95914   32509   
76305   49612   
64467   81235   
57025   11780   
42519   80458   
97687   45183   
63025   27831   
57550   41405   
75832   85654   
69898   98842   
12832   44005   
59429   43015   
14728   94579   
47083   84577   
60610   42395   
13454   37266   
43249   97546   
64400   14786   
6690    93522   
65656   30119   
9670    60665   
3333    90470   
1107    28549   
38191   89508   
81527   14515   
58422   69808   
89940   98314   
37496   25201   
96536   51004   
42792   90069   
26659   12631   
31957   43651   
1891    81944   
13022   32272   
71846   76026   
76274   17252   
32694   31442   
6696    36480   
75719   9757    
53623   55922   
43376   28091   
67244   58033   
23803   59793   
70184   59857   
70229   61909   
25888   51597   
53273   25032   
49948   9339    
51939   29012   
78317   5222    
42753   15936   
13067   61435   
32449   77075   
159     7327    
26659   12631   
52576   26923   
31515   59751   
57550   41405   
60432   83196   
74871   4812    
159     7327    
45582   4809    
54796   68146   
93397   78691   
72906   26831   
46912   86479   
43426   86051   
83007   81935   
67244   58033   
62781   72848   
96525   24264   
87837   16440   
96058   74708   
55622   6760    
60610   42395   
48663   79404   
76769   1753    
66618   69207   
38393   19566   
4772    48440   
53646   94668   
59399   11913   
45389   38453   
13764   60586   
44282   97756   
10478   31173   
95674   86336   
22911   78649   
9530    89286   
58775   74678   
64561   61890   
54797   44144   
69792   7511    
28766   9513    
84293   76848   
32767   45339   
35021   28919   
40654   4272    
91297   11841   
19879   59425   
97943   11779   
3333    90470   
96523   92514   
43378   74173   
19139   65505   
46414   15486   
35208   65992   
41148   59498   
53571   79379   
11217   43372   
89718   24796   
57550   41405   
94963   92178   
11166   51901   
55167   34653   
41283   12620   
60302   50860   
11217   43372   
9681    68279   
87260   34123   
67244   58033   
20450   22236   
5118    45273   
8863    68052   
83007   81935   
38426   10738   
47285   49923   
24301   93735   
96523   92514   
57550   41405   
44507   58070   
75942   21017   
61264   90487   
48674   16047   
96634   93918   
58560   6430    
13454   37266   
72416   50000   
7567    48606   
72906   26831   
16330   64336   
46253   51759   
47083   84577   
12606   90241   
5117    68879   
51628   3085    
42543   178     
53279   92543   
62448   66206   
21996   40914   
23183   80820   
11217   43372   
6388    88057   
98442   27582   
35123   24200   
62681   97429   
32684   43750   
46253   51759   
10254   65298   
90498   79276   
48208   674     
313     35829   
53915   26289   
67244   58033   
59553   73381   
38473   16217   
67244   58033   
37397   56475   
48208   674     
8478    70679   
42753   15936   
7589    81655   
47083   84577   
89032   72464   
47083   84577   
55368   40203   
65540   73007   
77748   92758   
43378   74173   
93577   59476   
11716   92075   
99946   77751   
73643   2968    
76608   51560   
92506   67284   
22911   78649   
97500   85198   
22911   78649   
7335    96127   
23381   74036   
97385   10098   
62948   16743   
53646   94668   
67244   58033   
73480   18275   
40654   4272    
11217   43372   
5170    64510   
76538   22317   
76884   37086   
6696    36480   
13454   37266   
32117   76105   
57814   80417   
96780   77959   
53571   79379   
25275   78378   
59068   29551   
67244   58033   
44507   58070   
313     35829   
12967   15692   
87079   48911   
97943   11779   
59795   40666   
89295   62208   
72114   43931   
66045   81069   
97111   66803   
37397   56475   
42753   15936   
80832   73331   
24793   41882   
74160   6377    
52123   92016   
72539   69378   
59527   60532   
24301   93735   
19594   28451   
96389   48717   
46746   76155   
97348   45479   
92710   65410   
77930   68785   
55207   30193   
22911   78649   
57476   83882   
33398   51425   
32438   6373    
40654   4272    
61264   90487   
14728   94579   
30826   58034   
88401   23963   
68128   95746   
9145    14576   
92506   67284   
58422   69808   
41332   57397   
15130   31912   
29766   36310   
46904   15905   
38473   16217   
71465   28430   
42263   39116   
23381   74036   
58422   69808   
89940   98314   
69586   92993   
4998    50395   
70184   59857   
45263   86053   
41234   29794   
67244   58033   
81715   40547   
43085   89787   
67951   23833   
98370   94437   
34616   29799   
14722   14591   
25978   65998   
41332   57397   
79570   71083   
67244   58033   
51330   28039   
159     7327    
98260   29565   
18077   19555   
57506   51233   
58775   74678   
58160   27553   
89212   29486   
62681   97429   
39433   81412   
26659   12631   
24922   48585   
17114   28802   
58695   57705   
82742   9439    
79997   53917   
78604   56900   
13214   73054   
32731   44910   
638     20236   
13153   15112   
97500   85198   
35208   65992   
12544   81571   
76330   20558   
14728   94579   
41189   90881   
67244   58033   
8073    60176   
305     12903   
22911   78649   
49649   3551    
53849   67175   
15856   7306    
30826   58034   
52128   60247   
4011    87575   
14136   37328   
10254   65298   
313     35829   
42753   15936   
72114   43931   
72906   26831   
88966   37567   
73480   18275   
72058   27018   
83522   89862   
25275   78378   
62681   97429   
81527   14515   
313     35829   
32161   70227   
37397   56475   
67244   58033   
59653   93548   
91718   25950   
72334   56312   
40068   95303   
84500   34355   
94872   41452   
58357   6280    
9803    3163    
98276   90011   
67244   58033   
31981   80670   
36822   96188   
99816   23383   
79476   69206   
83486   10386   
6827    72303   
68436   13680   
70972   68100   
50624   23541   
5399    73414   
45501   60545   
32731   44910   
9145    14576   
35208   65992   
72114   43931   
21996   40914   
5118    45273   
67951   23833   
52561   97578   
82949   48936   
98215   44924   
42792   90069   
24120   34301   
97978   5846    
61680   4065    
87069   25661   
67244   58033   
85607   54956   
52455   3102    
72114   43931   
93577   59476   
14343   38102   
24058   61702   
72114   43931   
73402   82707   
60432   83196   
6515    68420   
43493   16276   
47083   84577   
70742   3200    
22911   78649   
92094   14478   
37397   56475   
34057   82755   
64561   61890   
23381   74036   
82753   57746   
56773   20574   
8073    60176   
95228   16631   
55622   6760    
20052   81052   
41332   57397   
23381   74036   
76104   57635   
313     35829   
62407   28735   
47083   84577   
47083   84577   
69654   6129    
68693   21562   
65656   30119   
37740   55109   
60916   18992   
4386    17472   
7589    81655   
47083   84577   
54404   61666   
79368   64916   
5182    96662   
46904   15905   
6403    73588   
75429   73342   
61408   8103    
41167   4216    
47083   84577   
62681   97429   
72114   43931   
31215   12466   
96523   92514   
94317   93479   
9145    14576   
63277   67187   
28419   82453   
29066   11833   
90706   18882   
13774   9129    
65294   56435   
62681   97429   
25896   26038   
91297   11841   
27655   58043   
47083   84577   
89938   60976   
33398   51425   
93397   78691   
32731   44910   
4539    80934   
46441   77384   
2604    7108    
58882   26931   
41921   44330   
29163   77812   
96780   77959   
13326   6289    
85931   96433   
65804   17465   
79626   78388   
93397   78691   
37397   56475   
22911   78649   
84293   76848   
98215   44924   
92094   14478   
22911   78649   
5604    12125   
99019   69825   
53800   61323   
60624   91498   
22911   78649   
24150   17196   
54652   25719   
53646   94668   
48580   44282   
24706   68677   
57170   83743   
40939   63144   
72114   43931   
81888   85272   
82949   48936   
43393   84223   
55395   88230   
91718   25950   
97385   10098   
65656   30119   
48938   20896   
11217   43372   
23381   74036   
14136   37328   
60610   42395   
41332   57397   
48208   674     
58714   19472   
63355   92146   
80832   73331   
74633   18177   
22911   78649   
67244   58033   
15265   82856   
76274   17252   
70271   26583   
5118    45273   
55839   11864   
60916   18992   
67244   58033   
95988   84773   
6041    82515   
76884   37086   
72397   28804   
17255   39812   
54796   68146   
62738   30717   
7551    7243    
19425   22381   
10751   47865   
89933   82669   
98106   91341   
14136   37328   
92506   67284   
11544   50050   
57506   51233   
97500   85198   
66773   31547   
64346   66445   
47514   10589   
68128   95746   
89268   94959   
72114   43931   
59914   14432   
96523   92514   
84272   78635   
59653   93548   
35839   7481    
62781   72848   
61408   8103    
60432   83196   
31760   52037   
98470   44411   
8904    28164   
88129   53755   
41332   57397   
43393   84223   
9145    14576   
19499   83527   
18595   6892    
41051   74914   
11603   43304   
11544   50050   
41189   90881   
53646   94668   
46253   51759   
50112   63678   
51641   1031    
50608   44293   
80051   32021   
11544   50050   
75      19498   
60967   31491   
46887   65681   
48938   20896   
92506   67284   
48113   12046   
13454   37266   
34350   85599   
81527   14515   
87229   73748   
75942   21017   
92506   67284   
63087   56792   
4994    5828    
58775   74678   
18129   35664   
98215   44924   
14449   43702   
40654   4272    
87496   60525   
97500   85198   
82112   53617   
19998   90937   
93063   57345   
36557   44103   
13069   57266   
55701   54745   
90983   85501   
19879   59425   
92506   67284   
52128   60247   
47285   49923   
75      19498   
19594   28451   
7551    7243    
39074   25936   
6041    82515   
3591    28671   
39616   45494   
65586   28321   
70271   26583   
52151   15000   
42753   15936   
1165    88085   
9530    89286   
66468   68172   
89032   72464   
81715   40547   
313     35829   
59322   24645   
97014   64282   
52128   60247   
4539    80934   
9145    14576   
47092   89195   
77485   48761   
35208   65992   
75832   85654   
66752   54490   
91870   43852   
76091   3711    
57050   57383   
70098   85030   
72114   43931   
63087   56792   
57170   83743   
48938   20896   
74531   69528   
67244   58033   
28551   85426   
82112   53617   
30167   75956   
85082   38390   
50126   85294   
48938   20896   
29952   20305   
57550   41405   
53646   94668   
90237   35729   
99110   166     
159     7327    
28462   8582    
37397   56475   
37773   71713   
35208   65992   
65540   73007   
32771   89524   
46436   96164   
14511   22848   
36063   56860   
7055    17773   
43378   74173   
9670    60665   
47083   84577   
58447   91050   
23581   78440   
74532   83013   
72114   43931   
11544   50050   
82112   53617   
59795   40666   
92094   14478   
68341   74712   
31962   23525   
79368   64916   
26938   83575   
89790   37050   
19499   83527   
14564   2712    
67244   58033   
57050   57383   
900     38003   
37378   3477    
19664   5269    
78711   13415   
58422   69808   
47083   84577   
14274   80736   
83931   72769   
52151   15000   
75162   30687   
313     35829   
75      19498   
91660   67361   
42983   35473   
62681   97429   
31249   8116    
66525   25819   
31215   12466   
65999   2408    
42753   15936   
38473   16217   
97066   46594   
32449   77075   
8904    28164   
65419   64206   
92033   69918   
57550   41405   
3875    9872    
53646   94668   
59527   60532   
89474   97306   
47083   84577   
9145    14576   
46253   51759   
82742   9439    
34164   76988   
20318   21200   
25888   51597   
90913   17144   
67244   58033   
55354   55670   
29163   77812   
93673   81217   
78711   13415   
73478   72384   
88401   23963   
67244   58033   
31547   25768   
57550   41405   
55701   54745   
70184   59857   
3333    90470   
46667   39704   
97385   10098   
51886   6956    
19546   60890   
71694   70035   
40654   4272    
32449   77075   
47083   84577   
42660   26632   
23226   50995   
34166   33835   
85076   33612   
96291   61649   
19499   83527   
95014   63566   
31962   23525   
62904   43420   
19499   83527   
35021   28919   
87359   16797   
91718   25950   
89933   82669   
53646   94668   
55448   50138   
10040   25523   
34515   66718   
44660   77100   
64639   75972   
48555   46286   
94457   59306   
55167   34653   
31273   24754   
78312   63347   
91051   89136   
72514   41800   
70361   6934    
93397   78691   
53800   61323   
85076   33612   
75073   21719   
91718   25950   
59627   26366   
96523   92514   
52455   3102    
94011   21118   
93597   29495   
85828   71937   
60628   20710   
79626   78388   
71177   96159   
60432   83196   
47672   19224   
67244   58033   
46560   74993   
98276   90011   
73522   91659   
11217   43372   
77870   74083   
23169   72253   
99954   77772   
42753   15936   
5118    45273   
15621   30342   
44276   92791   
37369   33935   
51087   83565   
88401   23963   
20052   81052   
8640    85770   
92506   67284   
14274   80736   
53279   92543   
55354   55670   
47083   84577   
12832   44005   
67244   58033   
11217   43372   
91479   54256   
4772    48440   
87231   15394   
14136   37328   
60985   95800   
45001   28874   
5372    3850    
46027   62704   
87725   85965   
40642   46966   
42753   15936   
41332   57397   
13454   37266   
41883   76230   
59238   72468   
99010   16026   
25829   90372   
8537    81535   
65666   95751   
71394   6605    
90913   17144   
89790   37050   
71694   70035   
83848   40425   
48208   674     
14728   94579   
46253   51759   
89933   82669   
47117   84560   
55701   54745   
7578    7617    
23226   50995   
22911   78649   
61670   10284   
91994   94047   
88778   21535   
92851   46836   
22911   78649   
22911   78649   
82291   26274   
69586   92993   
47083   84577   
61842   94178   
94061   14853   
82112   53617   
67244   58033   
19499   83527   
37647   5537    
67244   58033   
90354   16266   
71846   76026   
59795   40666   
8904    28164   
46667   39704   
39041   62236   
38473   16217   
47530   69231   
1599    1120    
10611   41695   
47083   84577   
31557   57440   
64391   47915   
79626   78388   
12031   15169   
72114   43931   
67244   58033   
19499   83527   
71943   2074    
48165   81487   
82978   28764   
23582   34189   
7551    7243    
22911   78649   
75292   86906   
48974   60041   
10254   65298   
67244   58033   
79622   35688   
31949   6653    
62681   97429   
41332   57397   
11217   43372   
46746   76155   
67244   58033   
33006   65382   
58484   9719    
11544   50050   
73752   51289   
75719   9757    
84795   23577   
638     20236   
29161   75245   
28635   53188   
53646   94668   
68865   78846   
4999    70879   
65042   45791   
38473   16217   
55622   6760    
80491   26333   
36975   44740   
87231   15394   
85010   62920   
64391   47915   
305     12903   
48819   2908    
97609   40321   
11217   43372   
96111   61957   
22911   78649   
75832   85654   
82112   53617   
65656   30119   
30826   58034   
56673   59157   
20151   12      
313     35829   
98470   44411   
57170   83743   
36529   89801   
5551    53761   
98103   38738   
5372    3850    
47083   84577   
41184   34970   
1420    5560    
79384   13192   
96312   58564   
31836   7419    
70781   48659   
94126   34257   
18603   19402   
25888   51597   
3831    70759   
62139   74365   
8355    22776   
89269   59223   
43376   28091   
72114   43931   
497     84853   
94457   59306   
3511    53869   
12744   62064   
61084   75256   
57550   41405   
47083   84577   
51001   33859   
11217   43372   
77442   64571   
75360   95775   
65656   30119   
2515    93432   
69607   33603   
33417   94597   
17276   8629    
42983   35473   
46312   1790    
12586   66558   
95596   8660    
52455   3102    
613     71422   
44070   61680   
43937   49295   
5117    68879   
74160   6377    
9145    14576   
50608   44293   
15335   99247   
72241   32735   
35508   50885   
41332   57397   
92094   14478   
69426   92595   
67244   58033   
2370    234     
82112   53617   
19499   83527   
22911   78649   
68128   95746   
37397   56475   
81073   78929   
41332   57397   
92868   30362   
82169   71483   
29543   35805   
32694   31442   
54039   35985   
40705   78888   
54404   61666   
68865   78846   
75719   9757    
55167   34653   
41332   57397   
99946   77751   
11009   77310   
79476   69206   
19499   83527   
63277   67187   
44746   72394   
88129   53755   
2592    27721   
2515    93432   
90706   18882   
75832   85654   
15857   23127   
41051   74914   
94484   31774   
20729   65194   
53646   94668   