11305   24098   36744   9244    95059   
5484    66494   57218   18159   44067   
58617   52910   34659   25685   73001   
95653   44462   34716   71897   25123   
95653   44462   34716   71897   25123   
35160   40267   30038   71412   40699   
4962    9342    43291   43411   82282   
36514   3662    54583   84116   74434   
60459   67985   40699   76584   52942   
11305   24098   36744   9244    95059   
53583   11486   47106   63426   25953   
79689   70579   72662   75264   9854    
81541   71480   47220   55012   56750   
69141   33648   19801   74192   59382   
36514   3662    54583   84116   74434   
39944   58522   90512   12926   95493   
39529   32422   24815   10751   91131   
1969    25569   18451   39471   91277   
68085   73247   72244   96639   17640   
59360   51782   85251   22615   20538   
21066   85804   78800   70987   5523    
95363   35921   51780   4344    90701   
543     51968   46114   8315    96486   
45260   64276   89523   63089   42308   
3655    67763   95132   49141   46917   
73364   16549   81441   75164   45033   
54948   23494   95974   9890    63716   
7206    36105   58286   81806   25075   
87284   30059   50320   36981   9456    
67009   41437   42536   82864   33883   
9594    19077   75177   54828   80900   
24828   35744   25954   88113   92122   
55012   86465   90529   54919   15529   
1969    25569   18451   39471   91277   
99280   53564   26058   95064   95402   
29197   87484   80513   42223   74134   
66166   46653   40825   71564   46587   
69141   33648   19801   74192   59382   
95653   44462   34716   71897   25123   
67154   65682   31172   79750   21921   
93542   44841   61859   71870   29949   
79076   52649   93132   83853   25961   
96118   42473   9103    9295    27189   
66665   8644    98988   1142    28507   
98430   84102   36060   26897   12144   
65768   96767   28583   67264   64252   
59369   95352   45424   80513   60810   
62411   93585   24356   61200   26712   
37889   82407   45287   56234   71967   
50247   89458   71526   90869   77684   
11305   24098   36744   9244    95059   
21238   60731   12210   7064    88008   
24538   87680   40230   81782   48869   
75732   73718   82178   74220   2713    
7762    61825   15754   98195   1863    
22428   35041   61498   75569   13450   
12831   76613   42543   17307   48866   
53385   45142   32794   61022   20505   
80039   81393   23191   35260   36513   
99518   4431    65580   93      43459   
35304   97082   19028   93488   19729   
69275   19000   92977   71814   73805   
69026   30040   84420   54851   56918   
95276   23421   67898   96026   24991   
87072   44083   97388   11132   59937   
36801   59841   23619   3736    95984   
23418   56720   31830   70631   50090   
24780   66573   83238   90401   29227   
37238   37215   5659    72740   54672   
77874   7387    25033   37695   23511   
38746   79708   97365   20711   86830   
82164   79423   35205   81290   57772   
99336   20614   76228   53897   6539    
70270   75628   15940   50644   81602   
47559   23600   39115   89798   18137   
99711   80703   24146   5347    92759   
36514   3662    54583   84116   74434   
44760   89141   37240   98298   27822   
43819   10972   3100    71781   56590   
43399   3428    37931   15609   18506   
99754   77903   79016   36833   77738   
70850   3670    20285   19116   16594   
11305   24098   36744   9244    95059   
7679    84101   24455   68834   72837   
52347   81888   14487   55267   13673   
31853   18180   69213   8230    15763   
66539   18847   23481   99908   8121    
54510   17982   65187   18924   3241    
70723   70405   56104   10400   6778    
20190   19300   43399   19982   13616   
96018   50385   28851   34666   92691   
12831   76613   42543   17307   48866   
43300   23659   30678   87592   52153   
88888   4748    24509   53334   55139   
42747   85369   42439   87179   25609   
6823    9643    38673   21684   29218   
2324    68052   93833   90533   61162   
1969    25569   18451   39471   91277   
89592   5383    72953   70090   46226   
46367   74454   11113   10147   83153   
81541   71480   47220   55012   56750   
89363   93776   64558   574     70959   
73739   29160   85704   61326   10475   
90820   42104   6441    45052   46517   
12673   32207   18894   40543   59252   
4788    62395   77154   51687   6939    
60344   34431   74623   25887   27014   
69141   33648   19801   74192   59382   
11305   24098   36744   9244    95059   
91396   83506   34647   24210   16432   
38976   11503   40117   29702   78195   
12698   59550   40787   84957   44195   
79689   70579   72662   75264   9854    
13452   82133   26209   82451   56768   
1398    97319   67945   63240   11981   
76143   50624   89792   96202   2223    
53385   45142   32794   61022   20505   
62411   93585   24356   61200   26712   
65070   92004   73567   81770   44401   
16213   3199    2533    3352    75229   
18017   93837   35459   40782   19509   
90335   61773   82340   4803    68590   
69141   33648   19801   74192   59382   
50247   89458   71526   90869   77684   
52347   81888   14487   55267   13673   
18090   16697   70555   27229   67500   
95262   84809   27498   93291   64003   
59014   48121   33411   6969    3681    
16447   80237   42193   29885   61311   
7513    17951   48846   19363   28437   
4510    98451   59261   24960   38075   
61689   26813   62686   79580   44002   
69141   33648   19801   74192   59382   
11305   24098   36744   9244    95059   
65070   92004   73567   81770   44401   
73558   14583   38737   29010   10176   
80787   63971   24119   95506   34249   
41267   23949   29260   57941   5122    
39388   15939   91194   3705    35649   
52347   81888   14487   55267   13673   
1019    38861   18788   85435   13844   
28582   9324    48004   20936   69793   
43882   70100   51250   59336   21017   
45260   64276   89523   63089   42308   
72398   11057   5707    41407   15283   
95445   28844   62699   76572   19486   
7738    35048   45535   30934   80814   
69141   33648   19801   74192   59382   
1745    53652   95197   26111   33620   
59755   10237   77828   87192   92793   
36334   7820    7775    52800   77586   
4510    98451   59261   24960   38075   
45064   65940   90342   38841   67040   
24673   95596   33329   79600   71839   
13508   23404   17702   53182   51199   
72398   11057   5707    41407   15283   
69141   33648   19801   74192   59382   
39534   90363   17896   29479   81840   
99947   13713   99762   10541   85395   
48627   56687   99066   29617   19131   
62104   94590   41741   46252   87462   
78954   77367   3825    76257   17335   
29168   88966   69012   991     8782    
38183   44319   10197   17904   73138   
10600   17296   85459   50608   67985   
69141   33648   19801   74192   59382   
95653   44462   34716   71897   25123   
87031   16286   7185    66046   67339   
95653   44462   34716   71897   25123   
69141   33648   19801   74192   59382   
37772   19204   12054   62483   69594   
88797   45178   77076   92875   68735   
75627   86638   5976    12460   30724   
40564   97586   12428   34863   41929   
13602   46965   88582   30721   940     
82859   76992   3739    92807   24705   
69141   33648   19801   74192   59382   
69141   33648   19801   74192   59382   
59360   51782   85251   22615   20538   
99280   53564   26058   95064   95402   
17752   50755   94209   3003    814     
67587   62876   62824   22392   38620   
27373   33332   52032   12083   26549   
69677   41505   29036   61671   55076   
7014    85990   49935   64152   4240    
69141   33648   19801   74192   59382   
16213   3199    2533    3352    75229   
27642   15945   5854    68586   49565   
69569   97611   32862   65770   90242   
38429   17374   70780   98356   45942   
91998   48315   36185   26381   97116   
50615   78384   71568   76198   80190   
87537   29305   68193   39190   35524   
33961   85451   86334   33034   30469   
48441   19335   3725    76566   58428   
84591   7038    5291    34156   23119   
22428   35041   61498   75569   13450   
93673   83084   42299   88949   36052   
73598   17460   9409    49027   15597   
69141   33648   19801   74192   59382   
80039   81393   23191   35260   36513   
26343   7908    37158   18887   64241   
50247   89458   71526   90869   77684   
20561   39861   53197   47661   77451   
69141   33648   19801   74192   59382   
30937   74189   65619   17569   38399   
62557   56131   44175   88790   83558   
93293   87379   63978   81351   55117   
58108   51453   30643   52048   79278   
99970   91765   51843   64115   3444    
52220   916     46639   42637   23780   
85596   44249   48493   17341   14232   
41050   32962   57476   39532   24943   
67724   36418   3621    65895   13253   
51150   74053   15426   81455   29306   
95653   44462   34716   71897   25123   
17880   12489   51060   17435   26911   
88315   58417   88804   32278   6240    
81940   50094   93743   42686   18178   
10550   50415   10147   88880   15282   
34676   60008   22733   21587   6903    
81541   71480   47220   55012   56750   
72060   26236   72520   46324   94868   
27789   93948   94993   47931   18589   
78972   87029   550     68802   28138   
30709   2923    20133   54727   85133   
4672    75942   37645   41370   36909   
27930   17149   36740   14366   79438   
55534   51909   99980   67541   43463   
95653   44462   34716   71897   25123   
62411   93585   24356   61200   26712   
24780   66573   83238   90401   29227   
82859   76992   3739    92807   24705   
26842   31604   74579   90089   28140   
57704   94811   16300   81870   91660   
4788    62395   77154   51687   6939    
69141   33648   19801   74192   59382   
21117   15589   79172   45529   32659   
92594   70880   69299   30803   76037   
5484    66494   57218   18159   44067   
40800   88867   54735   61376   66858   
26856   91275   72712   85575   99409   
77102   96764   61839   93744   47666   
88888   4748    24509   53334   55139   
92373   56198   52765   99942   3476    
66855   40497   36249   97848   20864   
53583   11486   47106   63426   25953   
52471   68389   14142   8170    80510   
69141   33648   19801   74192   59382   
19041   73389   74785   80170   85901   
10394   86362   6672    89945   1398    
35304   97082   19028   93488   19729   
4169    20426   77170   97838   5991    
42795   63453   38917   56232   91874   
40564   97586   12428   34863   41929   
72480   5189    28801   83199   82533   
14773   86946   27278   42942   81503   
12421   52722   20921   65729   86800   
69141   33648   19801   74192   59382   
95945   36754   15261   1278    8041    
49517   76835   41346   12989   446     
95653   44462   34716   71897   25123   
68085   73247   72244   96639   17640   
59341   2720    52838   5143    8076    
79629   96414   627     57411   41493   
70351   41608   83049   77234   25646   
36213   73954   47123   64900   3877    
35160   40267   30038   71412   40699   
34251   80777   98631   27314   83156   
2079    44259   50503   81147   82101   
7055    82283   3544    11537   30801   
62201   71048   70285   21334   16414   
30975   67075   57069   92904   99853   
34025   51532   79483   67023   16281   
36334   7820    7775    52800   77586   
39455   74728   43837   79486   93048   
35772   95701   81803   84259   83094   
34208   87955   41654   37476   77233   
57109   46428   90226   80160   78150   
11305   24098   36744   9244    95059   
25346   78189   59192   30381   70135   
90335   61773   82340   4803    68590   
76219   50199   4343    86307   80167   
88926   45787   45629   66453   47831   
4510    98451   59261   24960   38075   
95945   36754   15261   1278    8041    
11741   67092   56775   62180   6446    
31705   38729   9703    37489   44312   
45260   64276   89523   63089   42308   
54856   9076    24095   12719   433     
69141   33648   19801   74192   59382   
58790   19366   80209   37683   85437   
639     85967   52916   12858   33701   
91218   72149   44248   45580   15467   
53583   11486   47106   63426   25953   
36514   3662    54583   84116   74434   
5235    57548   68956   30008   51821   
69026   30040   84420   54851   56918   
50247   89458   71526   90869   77684   
21484   47825   91277   71319   13416   
73739   29160   85704   61326   10475   
84982   90844   96562   46744   73424   
26856   91275   72712   85575   99409   
70922   94026   99864   92512   65845   
34956   77972   1692    79196   49764   
90368   67422   60704   6561    16643   
95363   35921   51780   4344    90701   
37056   4788    43896   50835   28701   
50917   54215   90456   91751   26392   
93542   44841   61859   71870   29949   
95653   44462   34716   71897   25123   
24767   25800   12188   69952   1362    
44088   91053   78225   76956   25958   
7426    51433   51283   64413   11611   
61194   18002   59830   26794   44712   
45260   64276   89523   63089   42308   
4922    71030   11073   60561   77758   
34167   65418   72599   77062   80406   
69141   33648   19801   74192   59382   
81541   71480   47220   55012   56750   
35704   33031   51544   86210   6906    
7055    82283   3544    11537   30801   
10550   50415   10147   88880   15282   
4962    9342    43291   43411   82282   
95945   36754   15261   1278    8041    
27738   45423   53180   95805   50614   
2683    12199   6880    8003    25603   
31269   54294   16657   78515   94285   
79689   70579   72662   75264   9854    
25605   4615    6759    80626   56173   
26842   31604   74579   90089   28140   
69141   33648   19801   74192   59382   
74892   8346    33965   2375    85954   
48095   17932   69543   26516   54319   
63369   44073   907     3703    85135   
96465   77177   46062   49561   55952   
52347   81888   14487   55267   13673   
26842   31604   74579   90089   28140   
11758   92107   89330   28491   68474   
21836   35762   26367   44912   53537   
67460   88810   10658   62535   38303   
20812   55614   56606   79692   43526   
11305   24098   36744   9244    95059   
11935   45388   2933    16649   66605   
82761   44436   90257   26760   92988   
639     85967   52916   12858   33701   
28104   52925   20117   25918   74471   
83145   14586   11881   60243   7306    
36841   15792   45970   35900   19092   
4510    98451   59261   24960   38075   
99970   91765   51843   64115   3444    
83227   10171   45383   71286   18305   
2683    12199   6880    8003    25603   
39944   58522   90512   12926   95493   
95945   36754   15261   1278    8041    
15642   28085   25996   73590   59125   
57109   46428   90226   80160   78150   
97255   1017    4755    19407   5300    
81541   71480   47220   55012   56750   
40564   97586   12428   34863   41929   
97539   11763   95965   5875    69249   
87199   7535    86844   61776   23157   
82983   30808   37907   50868   95804   
96207   63805   48208   41047   45192   
39371   38897   42625   64079   18360   
69141   33648   19801   74192   59382   
15608   10948   24024   13612   90951   
11637   47013   42089   6280    84419   
37772   19204   12054   62483   69594   
57109   46428   90226   80160   78150   
95653   44462   34716   71897   25123   
44638   34915   41390   87627   43334   
48795   81794   58661   19655   9014    
58302   17222   41692   52914   56441   
41899   1186    40390   41755   87105   
95653   44462   34716   71897   25123   
66592   25701   41251   24252   76019   
7776    81233   81051   86615   89310   
76219   50199   4343    86307   80167   
34167   65418   72599   77062   80406   
69141   33648   19801   74192   59382   
74646   45374   65159   34183   19401   
5302    25743   93383   9738    90336   
93722   39237   76259   459     6385    
53583   11486   47106   63426   25953   
72069   31313   96985   49164   63474   
45797   4544    90250   47363   98960   
24435   74300   21203   81914   22300   
67656   70401   60927   44852   19102   
77671   76339   72697   74731   39110   
81541   71480   47220   55012   56750   
7055    82283   3544    11537   30801   
80533   5904    75689   13772   66153   
8834    86706   88009   85192   93259   
69026   30040   84420   54851   56918   
52280   49989   87872   52486   35086   
39944   58522   90512   12926   95493   
46988   84376   10410   80672   46355   
25999   44837   11090   70805   14370   
44836   4543    19930   19010   46642   
54438   77224   3190    33580   72699   
49869   5000    51337   73794   95983   
91218   72149   44248   45580   15467   
65528   92643   7996    65146   96647   
34025   51532   79483   67023   16281   
82194   62156   71681   95144   27851   
63182   98811   58834   56167   29377   
79689   70579   72662   75264   9854    
58479   8406    57658   74769   78991   
4462    8454    22447   14600   30822   
87656   38340   55603   1029    18463   
40069   70990   41922   53882   52805   
99096   70219   55954   59872   15958   
80039   81393   23191   35260   36513   
10361   70104   2548    39802   64918   
91650   65815   41507   18846   40317   
69141   33648   19801   74192   59382   
90368   67422   60704   6561    16643   
39212   1033    63852   26149   31870   
84428   75773   21106   16905   69789   
3655    67763   95132   49141   46917   
59580   48919   58658   17060   88790   
55967   8996    26420   51518   66852   
77874   7387    25033   37695   23511   
94985   73673   13247   66561   37723   
62104   94590   41741   46252   87462   
32988   61055   48737   57494   52562   
23722   22473   64311   78473   35994   
70526   52460   95591   69057   92905   
95491   60231   41333   54988   77804   
90368   67422   60704   6561    16643   
56291   88144   36188   34559   39119   
34123   98785   37045   46485   25004   
86881   52179   10042   79978   65970   
39938   19917   22047   42743   19933   
69141   33648   19801   74192   59382   
48001   46730   65719   20554   59934   
66324   94070   25500   62931   98269   
65507   5804    44124   70353   26731   
69116   65231   2291    61399   39863   
87258   18740   36085   82768   36000   
24409   84601   54051   96690   15848   
14596   74653   33531   62627   12375   
56246   8220    11177   40962   72296   
11492   17321   51078   12844   65754   
60409   30384   98177   8890    8379    
25680   98661   96302   65314   70629   
97539   11763   95965   5875    69249   
32042   6009    46434   89636   34000   
69141   33648   19801   74192   59382   
73558   14583   38737   29010   10176   
39050   66111   38122   83092   96722   
20919   14391   7095    80954   22190   
86968   60112   87310   32812   60277   
57789   23587   69804   92822   245     
22480   71221   18792   32504   56931   
43905   58909   18374   93105   43942   
76009   29018   7611    65026   23557   
92467   68870   84199   31228   51186   
70133   17286   24189   74668   50326   
26856   91275   72712   85575   99409   
52474   72978   16267   66121   53332   
1013    49222   3839    88504   50558   
57109   46428   90226   80160   78150   
59121   44944   61552   66690   44908   
69141   33648   19801   74192   59382   
54787   87816   75687   51089   59359   
14773   86946   27278   42942   81503   
61981   44486   34657   37269   4287    
73739   29160   85704   61326   10475   
35773   52239   27236   31269   89738   
57789   23587   69804   92822   245     
58414   95794   825     13773   80465   
96586   81156   41594   93605   6130    
37152   21838   97567   86199   61946   
38831   82693   74213   89595   79582   
32559   37745   63480   82681   81404   
5059    20659   17850   61904   11243   
11913   19892   23340   57108   20300   
71395   75426   67024   55209   2844    
62047   31828   12782   40723   40827   
90869   5561    36748   57023   70209   
54856   9076    24095   12719   433     
7535    90359   58215   20858   84847   
90520   17652   10192   9641    37499   
5508    10535   48753   67241   89952   
20948   38064   94326   20509   86022   
94694   94063   81722   43810   301     
22428   35041   61498   75569   13450   
29168   88966   69012   991     8782    
76219   50199   4343    86307   80167   
7802    56325   6725    72776   42999   
14677   81994   78372   12589   59194   
69116   65231   2291    61399   39863   
69141   33648   19801   74192   59382   
50247   89458   71526   90869   77684   
54856   9076    24095   12719   433     
28742   18201   24736   46038   78720   
4510    98451   59261   24960   38075   
62411   93585   24356   61200   26712   
37889   82407   45287   56234   71967   
3222    5596    33753   28401   32680   
46101   80397   53488   28895   43872   
62739   73553   69489   43754   13818   
89672   35766   37536   78796   42292   
9594    19077   75177   54828   80900   
57109   46428   90226   80160   78150   
15546   17642   16906   21783   74887   
64127   88887   9209    6297    79226   
21589   23499   18601   31397   90878   
21117   15589   79172   45529   32659   
37899   75309   78401   62591   29104   
43844   98411   42782   30502   61391   
5947    80083   28989   98176   11249   
88880   12338   83064   32224   93189   
75732   73718   82178   74220   2713    
95653   44462   34716   71897   25123   
95653   44462   34716   71897   25123   
65586   69552   63223   22481   34284   
16213   3199    2533    3352    75229   
34006   58242   17853   30854   97041   
4962    9342    43291   43411   82282   
71560   63518   75363   55895   47650   
68649   78668   35434   97569   48415   
73620   95077   4773    7826    3638    
17135   51701   96329   75503   78081   
69141   33648   19801   74192   59382   
14850   26751   34143   80725   59335   
17390   54793   54773   79822   72788   
9523    10645   54522   53629   73348   
11305   24098   36744   9244    95059   
83227   10171   45383   71286   18305   
7853    27760   85271   5384    77113   
84666   33322   92960   57852   34103   
2324    68052   93833   90533   61162   
24780   66573   83238   90401   29227   
90335   61773   82340   4803    68590   
14625   1823    93244   62088   26984   
66618   45574   7367    4687    94970   
40564   97586   12428   34863   41929   
93054   68127   11641   59870   74098   
45037   2207    44687   57064   47618   
46223   75652   34365   8459    20603   
35772   95701   81803   84259   83094   
46745   37882   25117   22653   53656   
74760   27300   91814   26537   79243   
69141   33648   19801   74192   59382   
74760   27300   91814   26537   79243   
25999   44837   11090   70805   14370   
34167   65418   72599   77062   80406   
4378    79584   20250   92930   81907   
17556   45182   12697   82085   20689   
74307   81208   6721    77413   80359   
46122   72287   74888   83125   74359   
47657   2546    4522    14557   54677   
26856   91275   72712   85575   99409   
88888   4748    24509   53334   55139   
34167   65418   72599   77062   80406   
62171   14786   35624   36408   56013   
79580   53878   51707   78806   75037   
74596   37251   1003    66672   81024   
95945   36754   15261   1278    8041    
4510    98451   59261   24960   38075   
40020   27349   95423   69117   25137   
69141   33648   19801   74192   59382   
81940   50094   93743   42686   18178   
52347   81888   14487   55267   13673   
56622   13690   26230   98607   8465    
87670   38654   77214   47847   63034   
81037   46493   3572    13524   40952   
68085   73247   72244   96639   17640   
94956   1976    10633   83606   9226    
26856   91275   72712   85575   99409   
87031   16286   7185    66046   67339   
16213   3199    2533    3352    75229   
58317   36844   95      52778   26118   
69141   33648   19801   74192   59382   
79663   32096   72958   80604   14837   
5959    76214   54446   52814   68674   
40564   97586   12428   34863   41929   
97255   1017    4755    19407   5300    
98989   17072   7922    11058   3852    
16213   3199    2533    3352    75229   
51138   68841   63273   958     68169   
63369   44073   907     3703    85135   
29906   37774   52906   25462   8145    
97255   1017    4755    19407   5300    
80918   8201    24942   2928    11900   
25166   69635   63551   52896   15535   
87656   38340   55603   1029    18463   
2185    34878   2418    64206   65765   
43946   29456   90567   84124   61601   
24767   25800   12188   69952   1362    
25999   44837   11090   70805   14370   
86970   88040   55712   77941   78339   
15285   67017   63648   11898   52209   
23821   52195   60786   51999   90917   
69569   97611   32862   65770   90242   
70270   75628   15940   50644   81602   
87199   7535    86844   61776   23157   
87199   7535    86844   61776   23157   
14625   1823    93244   62088   26984   
82777   19590   13054   50048   79501   
23974   11059   93422   39286   40933   
41667   12384   64013   17116   3115    
62411   93585   24356   61200   26712   
6823    9643    38673   21684   29218   
25999   44837   11090   70805   14370   
99280   53564   26058   95064   95402   
1745    53652   95197   26111   33620   
3222    5596    33753   28401   32680   
90368   67422   60704   6561    16643   
67154   65682   31172   79750   21921   
13820   74867   16372   49232   43488   
197     99755   27835   16594   98482   
4788    62395   77154   51687   6939    
64777   41411   60314   13137   80157   
4788    62395   77154   51687   6939    
88123   57187   26717   27906   50991   
52807   79271   16419   82689   32567   
17949   83926   13349   70994   28872   
4478    39525   84122   25669   85483   
97407   41352   42105   21540   42010   
67515   700     57165   50152   81716   
51064   57585   64345   95263   37246   
95653   44462   34716   71897   25123   
51508   85542   89524   25915   79890   
70395   67558   21741   36123   64932   
2324    68052   93833   90533   61162   
26554   85792   90432   26164   1025    
42698   75623   20904   7991    88601   
80976   73614   40774   36075   26130   
16454   46068   5123    83740   20437   
91133   91798   21169   13449   4659    
81037   46493   3572    13524   40952   
26842   31604   74579   90089   28140   
75732   73718   82178   74220   2713    
41207   77081   40484   51121   38335   
1019    38861   18788   85435   13844   
10329   16418   44001   34971   93539   
20989   10597   546     89348   12399   
11305   24098   36744   9244    95059   
18607   34986   40746   42886   2691    
22111   90011   21536   33721   36493   
52347   81888   14487   55267   13673   
83738   62407   35638   45871   45584   
5405    60256   85894   14202   61860   
4510    98451   59261   24960   38075   
65435   82217   78100   7785    60043   
4510    98451   59261   24960   38075   
15275   47518   3794    30951   55317   
25346   78189   59192   30381   70135   
69569   97611   32862   65770   90242   
5484    66494   57218   18159   44067   
70850   3670    20285   19116   16594   
97539   11763   95965   5875    69249   
95653   44462   34716   71897   25123   
73558   14583   38737   29010   10176   
25999   44837   11090   70805   14370   
7738    35048   45535   30934   80814   
36388   77958   44976   25083   96799   
70895   96117   96325   98530   56478   
73739   29160   85704   61326   10475   
35091   59500   50683   28306   91858   
15283   44311   44967   32265   88052   
3222    5596    33753   28401   32680   
11534   80048   72342   25603   68749   
7513    17951   48846   19363   28437   
59833   21921   49286   93275   94644   
70850   3670    20285   19116   16594   
37056   4788    43896   50835   28701   
9594    19077   75177   54828   80900   
46367   74454   11113   10147   83153   
42317   58735   95211   52581   66642   
26663   35022   52764   76678   20046   
11305   24098   36744   9244    95059   
58479   8406    57658   74769   78991   
2442    2739    57168   69911   23304   
70520   26522   60212   37127   16239   
66655   46193   23056   70703   98562   
4510    98451   59261   24960   38075   
20561   39861   53197   47661   77451   
46266   98043   36830   44572   99181   
55088   69157   73760   58560   4481    
74917   92675   63720   52027   56808   
97539   11763   95965   5875    69249   
36514   3662    54583   84116   74434   
49365   9974    91927   53176   28756   
24538   87680   40230   81782   48869   
19928   36045   60439   70382   29156   
40564   97586   12428   34863   41929   
88760   64291   64918   5479    58834   
8973    88309   48613   43366   65267   
82859   76992   3739    92807   24705   
65969   56412   33827   1095    42608   
82859   76992   3739    92807   24705   
78954   77367   3825    76257   17335   
49708   51891   68666   87630   57439   
95653   44462   34716   71897   25123   
59908   59341   63888   84797   59603   
65969   56412   33827   1095    42608   
65969   56412   33827   1095    42608   
95945   36754   15261   1278    8041    
59276   67401   52052   25248   48910   
58108   51453   30643   52048   79278   
62411   93585   24356   61200   26712   
24780   66573   83238   90401   29227   
95445   28844   62699   76572   19486   
7513    17951   48846   19363   28437   
92619   31640   84285   15728   97148   
97255   1017    4755    19407   5300    
90368   67422   60704   6561    16643   
25895   38891   89635   74143   82505   
58289   93109   11377   57999   55274   
73111   69252   84971   42970   60103   
45037   2207    44687   57064   47618   
57789   23587   69804   92822   245     
91674   75241   67827   18923   242     
90335   61773   82340   4803    68590   
81541   71480   47220   55012   56750   
69141   33648   19801   74192   59382   
80170   96647   76587   29521   89420   
4788    62395   77154   51687   6939    
32811   44194   50693   81547   75415   
78413   55854   75009   24972   21797   
19377   70023   54177   45551   66143   
14743   12065   23389   56186   95113   
13945   54388   77713   2683    61525   
69141   33648   19801   74192   59382   
67773   97506   46214   4431    50953   
9594    19077   75177   54828   80900   
26856   91275   72712   85575   99409   
5968    63894   46296   18712   30105   
5508    10535   48753   67241   89952   
50714   8876    90481   51640   18945   
46569   29485   21092   6872    44709   
58270   83995   52556   77853   32602   
92298   79129   7585    37501   18819   
66592   25701   41251   24252   76019   
69141   33648   19801   74192   59382   
55967   8996    26420   51518   66852   
80039   81393   23191   35260   36513   
4510    98451   59261   24960   38075   
58270   83995   52556   77853   32602   
11305   24098   36744   9244    95059   
28299   65963   75511   90349   47069   
52807   79271   16419   82689   32567   
25680   98661   96302   65314   70629   
4962    9342    43291   43411   82282   
5212    59474   34343   38115   67392   
94096   445     28607   38126   78375   
91218   72149   44248   45580   15467   
96465   77177   46062   49561   55952   
84982   90844   96562   46744   73424   
3885    84423   34238   37785   33082   
80039   81393   23191   35260   36513   
87290   72085   91112   85042   67711   
33947   69453   6157    44321   56006   
56158   91976   26833   18575   39685   
91839   18991   41875   18925   4562    
68449   62707   14448   60769   56444   
69141   33648   19801   74192   59382   
88888   4748    24509   53334   55139   
56204   45147   79066   26044   13562   
54828   60241   2764    54848   10604   
13147   16252   15410   53573   52389   
34208   87955   41654   37476   77233   
52392   7797    70270   77634   46405   
37772   19204   12054   62483   69594   
59755   10237   77828   87192   92793   
88888   4748    24509   53334   55139   
24637   79064   19824   93075   9096    
5405    60256   85894   14202   61860   
78954   77367   3825    76257   17335   
93117   666     79954   93090   97206   
10361   70104   2548    39802   64918   
4788    62395   77154   51687   6939    
61981   44486   34657   37269   4287    
34676   60008   22733   21587   6903    
8793    95133   61      2964    81938   
52588   96823   18295   77181   67358   
10035   37314   66911   60049   37337   
92306   73590   7769    96831   30715   
92688   25496   68112   53139   95590   
13705   50360   27812   71624   40765   
76078   80515   23633   95205   61886   
58901   70152   90958   68143   28958   
69569   97611   32862   65770   90242   
78144   16422   22538   92294   64483   
18057   29148   88990   89934   96138   
69141   33648   19801   74192   59382   
31705   38729   9703    37489   44312   
60064   83534   48799   57993   1267    
20514   50640   99812   38024   76955   
92688   25496   68112   53139   95590   
13452   82133   26209   82451   56768   
78235   54323   42001   91249   16965   
16635   71994   28734   12552   47165   
78144   16422   22538   92294   64483   
75388   96939   23843   61712   24659   
57109   46428   90226   80160   78150   
4788    62395   77154   51687   6939    
806     42937   65298   59690   7815    
4510    98451   59261   24960   38075   
74991   66575   91284   22062   95047   
99754   77903   79016   36833   77738   
23107   89174   18623   64694   75464   
72705   50601   31501   27817   18541   
7206    36105   58286   81806   25075   
2683    12199   6880    8003    25603   
69141   33648   19801   74192   59382   
54413   46912   80238   7232    16958   
90520   17652   10192   9641    37499   
37210   92451   31916   75758   95841   
2324    68052   93833   90533   61162   
26883   43903   6744    87253   21364   
31705   38729   9703    37489   44312   
78185   12323   90075   83510   77894   
95798   65507   76696   63961   15493   
79663   32096   72958   80604   14837   
51841   14304   42392   28389   88924   
16635   71994   28734   12552   47165   
52347   81888   14487   55267   13673   
88123   57187   26717   27906   50991   
79946   88439   35007   47870   21319   
89363   93776   64558   574     70959   
71324   69946   62485   29719   70370   
69141   33648   19801   74192   59382   
3603    67958   49027   89361   84886   
62411   93585   24356   61200   26712   
62104   94590   41741   46252   87462   
14095   18662   28134   92087   46972   
55967   8996    26420   51518   66852   
33961   85451   86334   33034   30469   
49517   76835   41346   12989   446     
16135   11467   88335   85416   92718   
69141   33648   19801   74192   59382   
85264   97278   17134   97522   29875   
62503   4380    74285   97339   58126   
77850   95345   88807   47521   5281    
83962   68535   56337   11044   68160   
69560   90223   66293   20195   12044   
70652   2634    12027   76501   15148   
62411   93585   24356   61200   26712   
80039   81393   23191   35260   36513   
43946   29456   90567   84124   61601   
77701   86910   45031   93756   67896   
89673   29507   7820    16326   59238   
48705   28947   70459   97432   8796    
26842   31604   74579   90089   28140   
22175   92576   13575   56766   4215    
39822   62247   1293    46057   4989    
24435   74300   21203   81914   22300   
69141   33648   19801   74192   59382   
96463   13181   46369   36662   27485   
6500    9332    10260   59957   64270   
69141   33648   19801   74192   59382   
30648   1419    98413   364     56429   
51666   84211   18875   10209   49529   
79629   96414   627     57411   41493   
82983   30808   37907   50868   95804   
69677   41505   29036   61671   55076   
1318    30776   78033   68860   85594   
75746   99172   8564    78709   31969   
24276   11463   7202    2870    56431   
54518   37799   51501   63461   74546   
53391   9600    85231   93574   30669   
21484   47825   91277   71319   13416   
39822   62247   1293    46057   4989    
69141   33648   19801   74192   59382   
3243    7254    4561    16283   98689   
57105   18019   73633   12002   25254   
14773   86946   27278   42942   81503   
73739   29160   85704   61326   10475   
91241   17325   40425   14339   8841    
27915   83130   91402   35219   35197   
36801   59841   23619   3736    95984   
65591   26334   65098   1072    62249   
25605   4615    6759    80626   56173   
81593   50272   7978    77279   69036   
76358   25634   90668   45593   88363   
26343   7908    37158   18887   64241   
16213   3199    2533    3352    75229   
82983   30808   37907   50868   95804   
12421   52722   20921   65729   86800   
11305   24098   36744   9244    95059   
13820   74867   16372   49232   43488   
65165   33459   29017   68121   79539   
58641   80188   2312    90891   87252   
31705   38729   9703    37489   44312   
69141   33648   19801   74192   59382   
85503   51556   79522   53162   14214   
4510    98451   59261   24960   38075   
60738   36384   75305   31666   25391   
99280   53564   26058   95064   95402   
23821   52195   60786   51999   90917   
2017    21024   55877   12627   48517   
95276   23421   67898   96026   24991   
82983   30808   37907   50868   95804   
53583   11486   47106   63426   25953   
84011   94154   63664   33292   8880    
10914   3593    62942   34202   23633   
3655    67763   95132   49141   46917   
80039   81393   23191   35260   36513   
60331   43058   40336   55726   60242   
85936   47661   41802   39941   71485   
16934   32993   16800   49447   31610   
58270   83995   52556   77853   32602   
12747   46744   26026   40788   6475    
73739   29160   85704   61326   10475   
99132   51459   42780   32844   75863   
16785   26694   90767   46514   72927   
36514   3662    54583   84116   74434   
38429   17374   70780   98356   45942   
27397   32927   73008   84148   97624   
10919   62373   83083   70596   15312   
70921   56615   16069   82354   27279   
8314    42224   48436   51953   39972   
69141   33648   19801   74192   59382   
60738   36384   75305   31666   25391   
5043    89111   16438   93466   51095   
49712   37822   41988   48729   2869    
95632   50610   32636   48040   42833   
69677   41505   29036   61671   55076   
22428   35041   61498   75569   13450   
3243    7254    4561    16283   98689   
90520   17652   10192   9641    37499   
66184   59463   53266   2188    75575   
38429   17374   70780   98356   45942   
65165   33459   29017   68121   79539   
48001   46730   65719   20554   59934   
55670   95672   22757   50034   75990   
92688   25496   68112   53139   95590   
78828   75691   6774    21263   17363   
63822   77434   24292   93233   88880   
95653   44462   34716   71897   25123   
69141   33648   19801   74192   59382   
84258   12399   5670    34895   57891   
39455   74728   43837   79486   93048   
11326   9989    345     85858   6346    
3222    5596    33753   28401   32680   
50390   27565   79663   6416    74851   
90368   67422   60704   6561    16643   
34648   95679   44164   81204   49873   
69141   33648   19801   74192   59382   
2588    7287    40057   48388   43624   
18966   89063   49644   84406   90918   
46725   25295   3133    49389   42402   
76394   76353   88993   81293   85500   
47635   48067   87106   36421   47265   
21484   47825   91277   71319   13416   
52347   81888   14487   55267   13673   
26343   7908    37158   18887   64241   
4510    98451   59261   24960   38075   
44094   35137   12747   65326   33235   
73739   29160   85704   61326   10475   
86881   52179   10042   79978   65970   
59276   67401   52052   25248   48910   
17752   50755   94209   3003    814     
11305   24098   36744   9244    95059   
69474   36521   50227   10433   40445   
15275   47518   3794    30951   55317   
76493   37602   15955   3205    48853   
92688   25496   68112   53139   95590   
82983   30808   37907   50868   95804   
48272   73291   83306   7622    81689   
28299   65963   75511   90349   47069   
11305   24098   36744   9244    95059   
30009   80643   27282   80316   20852   
95570   8704    36687   40496   39965   
79689   70579   72662   75264   9854    
19041   73389   74785   80170   85901   
15617   64447   89477   75618   76148   
5484    66494   57218   18159   44067   
41278   85708   9833    50755   1187    
69127   21064   84234   39428   42593   
70270   75628   15940   50644   81602   
96886   58938   67389   54298   59611   
11305   24098   36744   9244    95059   
68085   73247   72244   96639   17640   
65734   4539    29361   78813   9524    
76873   33545   13866   38516   8687    
23685   90711   14125   89826   59094   
36804   19143   21708   40380   11387   
83962   68535   56337   11044   68160   
19041   73389   74785   80170   85901   
70270   75628   15940   50644   81602   
76219   50199   4343    86307   80167   
81541   71480   47220   55012   56750   
39371   38897   42625   64079   18360   
58270   83995   52556   77853   32602   
69141   33648   19801   74192   59382   
13462   24884   92878   38423   16808   
69141   33648   19801   74192   59382   
83778   13471   52555   50245   50519   
74917   92675   63720   52027   56808   
90368   67422   60704   6561    16643   
4510    98451   59261   24960   38075   
88888   4748    24509   53334   55139   
69141   33648   19801   74192   59382   